314 900
0 1 138
0 41 70
0 19 49
0 39 27
0 13 121
0 46 70
0 45 76
0 2 164
1 59 41
1 41 85
1 0 138
2 0 164
2 119 46
2 45 85
2 118 36
2 117 43
2 116 55
2 115 75
2 113 111
2 3 112
2 114 105
3 114 38
3 113 40
3 115 60
3 116 83
3 117 107
3 118 135
3 2 112
3 120 42
3 111 59
3 112 54
3 110 96
3 4 215
4 3 215
4 110 135
4 111 156
4 112 191
4 113 212
4 5 169
4 121 39
4 100 51
4 101 79
4 102 111
4 103 137
4 104 163
4 35 40
4 106 44
4 105 79
4 6 101
4 109 72
5 4 169
5 5 22
5 104 42
5 103 50
5 102 80
5 101 104
5 100 139
5 121 144
6 4 101
6 106 61
6 105 41
6 109 36
6 6 18
6 107 26
6 99 34
6 98 41
6 97 85
6 96 116
6 7 140
6 108 121
7 6 140
7 108 39
7 96 40
7 97 73
7 98 110
7 99 138
7 7 24
7 36 41
7 8 159
8 7 159
8 95 55
8 93 53
8 9 78
8 88 69
8 38 75
9 10 41
9 9 21
9 8 78
9 38 32
9 11 114
9 87 67
9 85 103
9 86 90
9 88 47
10 94 42
10 93 64
10 92 35
10 9 41
11 9 114
11 12 108
11 89 36
11 84 36
11 83 53
11 82 87
11 90 57
11 91 65
11 85 44
11 86 51
11 87 96
11 88 99
12 11 108
12 37 33
12 82 47
12 83 78
12 91 67
12 89 93
12 84 114
13 0 121
13 14 108
13 47 58
13 46 66
14 13 108
14 15 146
14 48 71
14 47 63
15 14 146
15 34 39
15 18 50
15 16 99
16 15 99
16 17 107
16 49 42
16 50 61
16 53 38
17 16 107
17 52 29
17 51 41
18 15 50
18 55 44
18 54 48
18 56 85
18 53 129
19 0 49
19 39 28
19 33 45
19 20 93
20 19 93
20 21 146
20 60 45
20 42 54
20 43 46
20 61 45
20 62 67
21 20 146
21 22 158
21 63 33
21 126 93
21 122 34
22 21 158
22 23 89
22 40 41
22 126 91
22 130 74
22 127 125
22 129 100
23 22 89
23 24 91
23 64 44
23 81 106
24 23 91
24 65 45
24 31 57
24 25 88
25 24 88
25 26 50
25 76 36
25 80 32
26 25 50
26 26 24
26 75 34
26 32 36
26 27 67
26 79 25
27 26 67
27 78 27
27 32 50
27 77 47
27 81 49
28 31 173
28 66 58
28 30 71
28 71 88
28 70 67
29 69 31
29 143 86
30 28 71
30 71 34
30 70 61
30 144 78
31 24 57
31 28 173
31 140 38
31 143 47
32 26 36
32 27 50
32 140 112
32 142 42
33 19 45
33 131 40
34 15 39
34 313 37
35 4 40
35 164 50
36 7 41
36 167 37
37 12 33
37 138 41
38 8 75
38 9 32
38 169 25
38 168 94
39 0 27
39 19 28
39 131 40
39 132 40
40 22 41
40 137 56
40 136 34
40 40 6
41 1 85 C
41 0 70 C
42 20 54 C
43 20 46 C
43 44 63 C
43 125 64 C
44 43 63 C
44 45 72 C
45 0 76 C
45 44 72 C
45 2 85 C
46 13 66 C
46 0 70 C
47 14 63 C
47 13 58 C
48 14 71 C
49 16 42 C
50 16 61 C
51 17 41 C
52 17 29 C
53 16 38 C
53 18 129 C
54 18 48 C
55 18 44 C
56 18 85 C
56 57 60 C
56 58 105 C
57 56 60 C
58 56 105 C
59 1 41 C
60 20 45 C
61 20 45 C
62 20 67 C
63 21 33 C
64 23 44 C
65 24 45 C
66 28 58 C
66 67 43 C
67 66 43 C
67 68 41 C
68 67 41 C
68 69 49 C
69 68 49 C
69 29 31 C
70 30 61 C
70 28 67 C
70 71 62 C
70 74 75 C
71 28 88 C
71 30 34 C
71 70 62 C
71 72 76 C
72 71 76 C
72 73 65 C
73 72 65 C
74 70 75 C
75 26 34 C
76 25 36 C
77 27 47 C
77 127 56 C
78 27 27 C
79 26 25 C
80 25 32 C
81 27 49 C
81 23 106 C
81 130 54 C
82 12 47 C
82 11 87 C
83 12 78 C
83 11 53 C
84 12 114 C
84 11 36 C
85 11 44 C
85 9 103 C
86 11 51 C
86 9 90 C
87 11 96 C
87 9 67 C
88 8 69 C
88 11 99 C
88 9 47 C
89 12 93 C
89 11 36 C
90 11 57 C
91 12 67 C
91 11 65 C
92 10 35 C
93 8 53 C
93 94 46 C
93 95 51 C
93 10 64 C
94 93 46 C
94 10 42 C
95 8 55 C
95 93 51 C
96 6 116 C
96 7 40 C
97 6 85 C
97 7 73 C
98 6 41 C
98 7 110 C
99 6 34 C
99 7 138 C
100 4 51 C
100 5 139 C
101 4 79 C
101 5 104 C
102 4 111 C
102 5 80 C
103 4 137 C
103 5 50 C
104 4 163 C
104 5 42 C
105 4 79 C
105 6 41 C
106 4 44 C
106 6 61 C
107 6 26 C
108 7 39 C
108 6 121 C
109 6 36 C
109 4 72 C
110 3 96 C
110 4 135 C
111 3 59 C
111 4 156 C
112 3 54 C
112 4 191 C
113 2 111 C
113 3 40 C
113 4 212 C
114 3 38 C
114 2 105 C
115 2 75 C
115 3 60 C
116 2 55 C
116 3 83 C
117 2 43 C
117 3 107 C
118 2 36 C
118 3 135 C
119 2 46 C
120 3 42 C
121 4 39 C
121 5 144 C
122 21 34 C
122 123 46 C
122 124 56 C
123 122 46 C
123 125 74 C
124 122 56 C
124 125 79 C
125 123 74 C
125 43 64 C
125 124 79 C
126 22 91 C
126 21 93 C
127 22 125 C
127 77 56 C
128 129 96 C
129 22 100 C
129 128 96 C
130 22 74 C
130 81 54 C
131 33 40
131 39 40
131 132 52
131 203 39
131 133 67
131 217 29
132 39 40
132 131 52
132 152 44
132 151 58
132 217 34
133 131 67
133 203 50
133 215 32
133 134 94
133 204 34
133 209 53
134 209 45
134 205 29
134 133 94
134 204 77
134 211 47
134 212 53
134 208 29
134 135 117
134 206 87
135 207 28
135 206 50
135 134 117
135 278 40
135 136 107
136 280 34
136 135 107
136 278 72
136 137 17
136 136 13
136 281 96
136 40 34
136 138 232
137 136 17
137 40 56
137 139 108
137 312 124
137 138 241
138 136 232
138 137 241
138 37 41
138 248 67
138 250 104
138 170 110
139 137 108
139 281 69
139 140 65
140 139 65
140 31 38
140 282 39
140 284 63
140 283 49
140 32 112
140 141 147
141 140 147
141 285 39
141 141 21
141 288 40
141 142 64
142 141 64
142 32 42
142 289 73
142 291 67
142 290 84
142 312 108
143 31 47
143 29 86
143 144 159
144 143 159
144 30 78
144 299 61
144 145 99
144 298 50
145 144 99
145 301 62
145 300 52
145 299 66
145 302 38
145 308 55
145 303 79
145 306 82
145 304 122
145 307 118
145 146 147
145 298 66
146 145 147
146 147 52
146 148 41
147 146 52
147 148 33
147 149 33
148 146 41
148 147 33
149 147 33
150 165 94
151 132 58
151 200 39
151 198 91
151 197 121
151 196 157
151 171 189
151 201 61
151 162 171
151 218 111
151 219 106
152 132 44
152 153 97
153 152 97
153 173 49
153 172 36
153 176 48
153 177 51
153 178 72
153 179 108
153 180 126
153 181 157
153 154 158
154 153 158
154 176 165
154 177 132
154 178 110
154 179 81
154 180 65
154 181 35
154 182 38
154 183 68
154 184 86
154 185 114
154 186 131
154 187 154
154 155 152
155 187 32
155 186 39
155 185 59
155 184 82
155 183 106
155 181 144
155 154 152
155 188 44
155 189 46
155 190 79
155 191 100
155 156 131
156 155 131
156 190 63
156 191 49
156 189 105
156 157 62
156 313 78
156 269 52
157 156 62
157 158 63
157 192 34
157 193 71
157 194 112
157 195 136
157 171 174
158 157 63
158 159 77
158 158 24
158 252 38
158 253 56
158 254 84
159 158 77
159 160 72
159 256 46
159 257 67
159 255 47
159 159 24
159 254 45
159 253 50
159 252 62
160 159 72
160 161 115
160 260 61
160 259 48
160 258 40
160 257 38
160 256 51
161 264 32
161 263 59
161 262 42
161 261 53
161 160 115
162 151 171
162 218 61
162 219 59
162 163 144
162 220 39
162 221 53
162 222 84
162 226 76
162 223 114
162 225 102
163 164 134
163 162 144
163 223 31
163 224 45
163 227 60
163 225 50
163 226 91
163 222 71
163 163 19
163 220 109
164 166 110
164 35 50
164 235 56
164 234 94
164 233 36
164 232 59
164 231 93
164 165 86
164 163 134
165 164 86
165 150 94
165 230 36
165 229 32
166 167 138
166 238 95
166 239 106
166 237 55
166 236 33
166 243 30
166 234 39
166 235 50
166 164 110
167 168 150
167 36 37
167 167 19
167 240 35
167 241 30
167 242 55
167 238 51
167 237 78
167 236 109
167 166 138
168 310 66
168 169 88
168 38 94
168 167 150
169 170 121
169 244 63
169 245 92
169 251 60
169 311 38
169 309 77
169 310 73
169 168 88
169 38 25
170 248 65
170 249 92
170 250 42
170 138 110
170 170 24
170 246 43
170 247 53
170 245 61
170 244 86
170 251 98
170 169 121
171 157 174
171 194 46
171 193 98
171 192 143
171 196 35
171 197 56
171 273 34
171 275 80
171 198 82
171 199 112
171 151 189
171 270 47
172 153 36 C
173 153 49 C
176 153 48 C
176 176 11 C
176 154 165 C
177 153 51 C
177 154 132 C
178 153 72 C
178 154 110 C
179 153 108 C
179 154 81 C
180 153 126 C
180 154 65 C
181 153 157 C
181 154 35 C
181 155 144 C
182 154 38 C
183 154 68 C
183 155 106 C
184 154 86 C
184 155 82 C
185 154 114 C
185 155 59 C
186 154 131 C
186 155 39 C
187 154 154 C
187 155 32 C
188 155 44 C
189 155 46 C
189 156 105 C
190 155 79 C
190 156 63 C
191 155 100 C
191 156 49 C
192 157 34 C
192 171 143 C
193 157 71 C
193 171 98 C
194 157 112 C
194 171 46 C
195 157 136 C
196 171 35 C
196 151 157 C
197 171 56 C
197 151 121 C
198 171 82 C
198 151 91 C
199 171 112 C
200 151 39 C
201 151 61 C
201 202 61 C
202 201 61 C
202 204 77 C
203 131 39 C
203 133 50 C
204 133 34 C
204 134 77 C
204 202 77 C
205 134 29 C
206 135 50 C
206 134 87 C
207 135 28 C
207 214 29 C
208 134 29 C
208 213 32 C
209 210 29 C
209 134 45 C
209 133 53 C
210 216 57 C
210 209 29 C
211 134 47 C
212 134 53 C
213 208 32 C
214 207 29 C
215 133 32 C
215 216 32 C
216 215 32 C
216 210 57 C
217 132 34 C
217 131 29 C
218 162 61 C
218 151 111 C
219 162 59 C
219 151 106 C
220 162 39 C
220 163 109 C
221 162 53 C
222 162 84 C
222 163 71 C
223 162 114 C
223 163 31 C
224 163 45 C
225 162 102 C
225 163 50 C
226 162 76 C
226 163 91 C
227 163 60 C
229 165 32 C
230 165 36 C
231 164 93 C
232 164 59 C
233 164 36 C
234 166 39 C
234 164 94 C
235 166 50 C
235 164 56 C
236 167 109 C
236 166 33 C
237 167 78 C
237 166 55 C
238 167 51 C
238 166 95 C
239 166 106 C
240 167 35 C
241 167 30 C
242 167 55 C
243 166 30 C
244 170 86 C
244 169 63 C
245 170 61 C
245 169 92 C
246 170 43 C
247 170 53 C
248 138 67 C
248 170 65 C
249 170 92 C
250 138 104 C
250 170 42 C
251 170 98 C
251 169 60 C
252 159 62 C
252 158 38 C
253 159 50 C
253 158 56 C
254 159 45 C
254 158 84 C
255 159 47 C
256 159 46 C
256 160 51 C
257 160 38 C
257 159 67 C
258 160 40 C
259 160 48 C
260 160 61 C
261 161 53 C
262 161 42 C
263 161 59 C
264 313 44 C
264 161 32 C
265 313 36 C
265 267 29 C
265 268 68 C
265 266 46 C
266 265 46 C
267 265 29 C
268 265 68 C
269 270 76 C
269 277 42 C
269 156 52 C
270 274 103 C
270 276 89 C
270 269 76 C
270 271 38 C
270 171 47 C
270 272 56 C
271 270 38 C
272 270 56 C
273 171 34 C
274 275 52 C
274 270 103 C
275 171 80 C
275 274 52 C
276 270 89 C
277 269 42 C
278 135 40 C
278 279 36 C
278 136 72 C
279 278 36 C
279 280 79 C
280 136 34 C
280 279 79 C
281 136 96 C
281 139 69 C
282 140 39 C
283 140 49 C
284 140 63 C
285 141 39 C
285 286 44 C
286 285 44 C
288 141 40 C
289 142 73 C
290 142 84 C
291 142 67 C
292 312 36 C
293 312 50 C
294 312 83 C
295 312 102 C
296 312 112 C
297 312 61 C
298 144 50 C
298 145 66 C
299 144 61 C
299 145 66 C
300 145 52 C
301 145 62 C
302 145 38 C
303 145 79 C
304 145 122 C
304 305 43 C
305 304 43 C
306 145 82 C
307 145 118 C
308 145 55 C
309 169 77 C
310 169 73 C
310 168 66 C
311 169 38 C
312 142 108
312 292 36
312 293 50
312 294 83
312 295 102
312 297 61
312 296 112
312 137 124
313 156 78
313 34 37
313 264 44
313 265 36