18 38
0 17 21 1470 870
0 1 38 1470 870
0 13 41 1470 870
1 0 38 1390 868
1 2 276 1390 868
2 1 276 834 864
2 3 49 834 864
2 4 65 834 864
3 2 49 730 864
4 2 65 832 744
4 5 94 832 744
5 4 94 838 554
5 6 168 838 554
6 5 168 844 220
6 7 31 844 220
7 6 31 908 220
7 8 26 908 220
8 7 26 952 190
8 9 85 952 190
9 8 85 1132 194
9 10 168 1132 194
10 9 168 1462 200
10 12 128 1462 200
10 11 125 1462 200
11 10 125 1702 194
12 10 128 1468 468
12 13 159 1468 468
13 0 41 1470 792
13 14 233 1470 792
13 12 159 1470 792
14 13 233 1928 798
14 15 119 1928 798
15 14 119 1922 1046
15 16 207 1922 1046
16 17 76 1504 1044
16 15 207 1504 1044
17 16 76 1504 900
17 0 21 1504 900